11047933053046639257
18085043205324800
88304527605760
10271792857752576
4569914863286288
18195027924896388
9095298501069874
70643622084608
4539059955310608
2256206483817480
4596200067305472
17662986948608
2105408
2080374784
16384
4521329791352896
15846523771577400
13528460057120824
15837400116772988
15837383069287480
20345673338062856
33847641633196144
13581444387981360
33785862288318496
13590274974959664
13590273897007112
35184372097024
35184374194240
4432675210240
257701969920
35253226840064
6794999174791184
4054526826244227128
4547873299252292
31604673484441712
15833243395833912
31604672679135344
15833244201140280
15833244201140288
15833243799798840
20345674416015432
34920558287130748
34920558287147120
20345708373624904
18085043209519160
19259407863137348
19250611771165764
13590274169653296
31604672681754688
15846523771577402
31604673350223944
15833243123714160
34920558287130640
20345673610709040
19215358410106896
19215358679608388
19215237276779588
19215237275193360
33781429882077244
1693265154016262
18084905231585296
27056920114241632
4547872150257664
15360
18049582881570816
810043444
18085249502693488
207236382768
9037823887416
207374270512
6790723133251648
53087006886000
18085044015351880
274882117696
17592455548960
70679330312264
70644700037216
945046596
810043464
810043440
413664305216
207505862680
1482702912
241595581496
139320107024
1212696628
1145317392
1146377256
292729923652
310448752752
532711219324
567365381391362
9042521604759584
18049721127936064
216023433216
0